x = [0.0, 0.10101010101010101, 0.20202020202020202, 0.30303030303030304, 0.40404040404040403, 0.5050505050505051, 0.6060606060606061, 0.7070707070707071, 0.8080808080808081, 0.9090909090909091, 1.0101010101010102, 1.1111111111111112, 1.2121212121212122, 1.3131313131313131, 1.4141414141414141, 1.5151515151515151, 1.6161616161616161, 1.7171717171717171, 1.8181818181818181, 1.9191919191919191, 2.0202020202020203, 2.121212121212121, 2.2222222222222223, 2.323232323232323, 2.4242424242424243, 2.525252525252525, 2.6262626262626263, 2.727272727272727, 2.8282828282828283, 2.929292929292929, 3.0303030303030303, 3.131313131313131, 3.2323232323232323, 3.3333333333333335, 3.4343434343434343, 3.5353535353535355, 3.6363636363636362, 3.7373737373737375, 3.8383838383838382, 3.9393939393939394, 4.040404040404041, 4.141414141414141, 4.242424242424242, 4.343434343434343, 4.444444444444445, 4.545454545454545, 4.646464646464646, 4.747474747474747, 4.848484848484849, 4.94949494949495, 5.05050505050505, 5.151515151515151, 5.252525252525253, 5.353535353535354, 5.454545454545454, 5.555555555555555, 5.656565656565657, 5.757575757575758, 5.858585858585858, 5.959595959595959, 6.0606060606060606, 6.161616161616162, 6.262626262626262, 6.363636363636363, 6.4646464646464645, 6.565656565656566, 6.666666666666667, 6.767676767676767, 6.8686868686868685, 6.96969696969697, 7.070707070707071, 7.171717171717171, 7.2727272727272725, 7.373737373737374, 7.474747474747475, 7.575757575757575, 7.6767676767676765, 7.777777777777778, 7.878787878787879, 7.979797979797979, 8.080808080808081, 8.181818181818182, 8.282828282828282, 8.383838383838384, 8.484848484848484, 8.585858585858587, 8.686868686868687, 8.787878787878787, 8.88888888888889, 8.98989898989899, 9.09090909090909, 9.191919191919192, 9.292929292929292, 9.393939393939394, 9.494949494949495, 9.595959595959595, 9.696969696969697, 9.797979797979798, 9.8989898989899, 10.0]

y = [1.0, 1.1716811612099964, 1.2667555308424985, 1.5537518821777985, 1.5409507726432656, 1.9573363634225434, 2.19739953900518, 1.7107803695168637, 1.8713567076684703, 2.5901218194060207, 2.5870527769116896, 3.0468828820114995, 3.3717737749963765, 3.555721009659223, 3.2408297207893892, 3.6641284031114365, 3.9400153579649695, 2.8460631117986694, 3.2956248143761675, 3.993419888637219, 4.961913482728864, 4.2704058168060035, 4.108498946729698, 4.1807412676796485, 3.9307032375929283, 5.359562607504678, 4.111235742092514, 6.399441221032341, 5.026213384942918, 5.982220295069956, 5.429284428400182, 6.468915112144618, 7.427860353828843, 7.596821364712463, 6.9627503456122035, 7.924858306826078, 4.758959635184435, 7.0035225952440925, 6.811897379847197, 8.569733520440636, 5.502616327953142, 5.900158294901315, 6.2591333576647035, 5.620053470727111, 8.026626791909557, 8.13941599758914, 9.072807039883243, 9.236472560386053, 10.00479538471398, 9.74957770265327, 9.899639252055595, 10.263036519711097, 6.661228792401302, 7.94707185526945, 9.369110278600395, 11.144450129996741, 11.557076000139812, 11.263169550516164, 12.321729560510095, 12.632006782664746, 10.42568117773298, 12.641657312065117, 13.057875018131064, 10.552313458623077, 10.051418403212285, 11.162139405028267, 12.552699565001898, 8.083516216070448, 8.276210915809813, 13.954986154095362, 9.555948461004252, 13.751112014357435, 14.271080977506564, 14.417984929780612, 13.0836204753909, 13.686767535142877, 15.524700747973824, 14.143529576180896, 13.89101866323069, 10.69835773078955, 14.876830961413813, 15.666771434621854, 10.530351999972227, 11.94357260121751, 16.35820160767178, 15.794701921414696, 12.447782280353197, 11.099567345433366, 15.057377113553704, 13.156680322595246, 15.347933606597039, 16.972344718975464, 12.086704005618783, 16.74542114900059, 12.750273541916922, 11.671939435037785, 15.433064567905348, 16.932768477477723, 19.501851297753902, 18.900585977003914]